# lbd[m] R[-] T[-]
4.000000000000000348e-07 2.581011715938768547e-01 5.936200538847695077e-11
4.020000000000000263e-07 2.582545224987196075e-01 2.170148797862932438e-10
4.040000000000000177e-07 2.580864817504435749e-01 7.670492346138672897e-10
4.060000000000000092e-07 2.549488139852175705e-01 2.618520307636715735e-09
4.080000000000000006e-07 2.426678491779362956e-01 8.803486531385737853e-09
4.100000000000000450e-07 2.155267376392433210e-01 3.086446931512809116e-08
4.120000000000000364e-07 1.871263612125649567e-01 8.686585203467608384e-08
4.140000000000000279e-07 1.681080341287461977e-01 2.498809430001548922e-07
4.160000000000000193e-07 1.600305925157899378e-01 7.024653796715418379e-07
4.180000000000000107e-07 1.578728791068101933e-01 1.906815672857420742e-06
4.200000000000000022e-07 1.578753458469787929e-01 5.023798110728500215e-06
4.220000000000000465e-07 1.586708809699177158e-01 9.207143833220390758e-06
4.240000000000000380e-07 1.593300174140702685e-01 1.667220166722341301e-05
4.260000000000000294e-07 1.597528739552872279e-01 2.989411438998321573e-05
4.280000000000000209e-07 1.599242342689853047e-01 5.315245710563864113e-05
4.300000000000000123e-07 1.598634250234798326e-01 9.380334081736359860e-05
4.320000000000000037e-07 1.598540688923343334e-01 1.374292378926802473e-04
4.340000000000000481e-07 1.596989990301901641e-01 2.004667114354757179e-04
4.360000000000000396e-07 1.594112667588609422e-01 2.912155460331974943e-04
4.380000000000000310e-07 1.590789493521331810e-01 4.213476805192086145e-04
4.400000000000000224e-07 1.585996957874830637e-01 6.073590093612540918e-04
4.420000000000000139e-07 1.582950585886048755e-01 7.771280963801696640e-04
4.440000000000000053e-07 1.579582641594672876e-01 9.918838760322164303e-04
4.460000000000000497e-07 1.574898680873727252e-01 1.263065266544830109e-03
4.480000000000000411e-07 1.571911129713647881e-01 1.604238789352792566e-03
4.500000000000000326e-07 1.565399834197018225e-01 2.033622979629604553e-03
4.520000000000000240e-07 1.564334285315142070e-01 2.557812050368531848e-03
4.540000000000000155e-07 1.556975182345766429e-01 3.212477674671740824e-03
4.560000000000000069e-07 1.557468355113236502e-01 4.022517809138574478e-03
4.580000000000000513e-07 1.547752074531888733e-01 5.032234619067332999e-03
4.600000000000000427e-07 1.550867512501730994e-01 6.273282067032445383e-03
4.620000000000000342e-07 1.540196247718716993e-01 7.141155189112916891e-03
4.640000000000000256e-07 1.545508944452156086e-01 8.104491905706315627e-03
4.660000000000000170e-07 1.536747558436945826e-01 9.201347286187171529e-03
4.680000000000000085e-07 1.537516169878615779e-01 1.042335071193461159e-02
4.700000000000000528e-07 1.537258032273474406e-01 1.179453137337875372e-02
4.720000000000000443e-07 1.525551058828378548e-01 1.360180447211329149e-02
4.740000000000000357e-07 1.544152234814277491e-01 1.561094166235776209e-02
4.760000000000000272e-07 1.517725281345198018e-01 1.798788256939366434e-02
4.780000000000000186e-07 1.538571573794461911e-01 2.058984380709942552e-02
4.800000000000000630e-07 1.531152073253525814e-01 2.361440284443161453e-02
4.820000000000000015e-07 1.512734250908689404e-01 2.571753652175817403e-02
4.840000000000000459e-07 1.554989138696585005e-01 2.778897586384347293e-02
4.859999999999999844e-07 1.513824752319752054e-01 3.029326329359403186e-02
4.880000000000000287e-07 1.528776952076411899e-01 3.278857178027132918e-02
4.900000000000000731e-07 1.561934619360718368e-01 3.538273147679591585e-02
4.920000000000000116e-07 1.500338890289315275e-01 3.824756928113414584e-02
4.940000000000000560e-07 1.554481377761398608e-01 4.077058389969132057e-02
4.959999999999999945e-07 1.564217505898240490e-01 4.364587763009910443e-02
4.980000000000000389e-07 1.495562448624091767e-01 4.712148815273570213e-02
5.000000000000000833e-07 1.585225447025063739e-01 4.991957253457698224e-02
5.020000000000000218e-07 1.570163909756386866e-01 5.314866457553134999e-02
5.040000000000000661e-07 1.495117184257991061e-01 5.695032881104363648e-02
5.060000000000000046e-07 1.611783855861006476e-01 5.965021312423767624e-02
5.080000000000000490e-07 1.593632048937142220e-01 6.340974362001591813e-02
5.099999999999999875e-07 1.493930565215026429e-01 6.800734887847723065e-02
5.120000000000000319e-07 1.634332484791474471e-01 7.058022867093874386e-02
5.140000000000000763e-07 1.646503645071608346e-01 7.428784865842391616e-02
5.160000000000000148e-07 1.496872864412181758e-01 7.962438729471545129e-02
5.180000000000000591e-07 1.632977933006793392e-01 8.252500403624511705e-02
5.199999999999999976e-07 1.727316281453795677e-01 8.587039262401320594e-02
5.220000000000000420e-07 1.532773193877934592e-01 9.280890837623834155e-02
5.239999999999999805e-07 1.584345580333582082e-01 9.742210769876911980e-02
5.260000000000000249e-07 1.815788557037707751e-01 1.000564012453238061e-01
5.280000000000000693e-07 1.659795982513099233e-01 1.074732727499635443e-01
5.300000000000000078e-07 1.513741034172209343e-01 1.151815878113700009e-01
5.320000000000000522e-07 1.827249691286804145e-01 1.171714662653354083e-01
5.339999999999999907e-07 1.874224921444807013e-01 1.228854205619605150e-01
5.360000000000000350e-07 1.531024217671200505e-01 1.347971701683938761e-01
5.380000000000000794e-07 1.714506278060512201e-01 1.389074321681295077e-01
5.400000000000000179e-07 2.079778950476839083e-01 1.399154335707406549e-01
5.420000000000000623e-07 1.800667851487622872e-01 1.471953100944894399e-01
5.440000000000000008e-07 1.533649375524221425e-01 1.542351128853562958e-01
5.460000000000000452e-07 1.978351730253563590e-01 1.485365195110721070e-01
5.479999999999999837e-07 2.238708725656432807e-01 1.459978056585775064e-01
5.500000000000000281e-07 1.796159067462250736e-01 1.561369338347704805e-01
5.520000000000000724e-07 1.668649582747134819e-01 1.594852503458352444e-01
5.540000000000000109e-07 2.311520103263233483e-01 1.483886820830252196e-01
5.560000000000000553e-07 2.352438688369751230e-01 1.484563613893713496e-01
5.579999999999999938e-07 1.744178579137161955e-01 1.601916170698771680e-01
5.600000000000000382e-07 2.045902147882394106e-01 1.542776749046264329e-01
5.620000000000000826e-07 2.731189644950843265e-01 1.435213222398192268e-01
5.640000000000000211e-07 2.382980730657078550e-01 1.521530883900816811e-01
5.660000000000000654e-07 1.834713890950996629e-01 1.637059118853341211e-01
5.680000000000000039e-07 2.680902184673881750e-01 1.477262364974404329e-01
5.700000000000000483e-07 3.141450853808385735e-01 1.394742281130016415e-01
5.719999999999999868e-07 2.306108991455688151e-01 1.536396086657266236e-01
5.740000000000000312e-07 2.412356076434425678e-01 1.474872332682406473e-01
5.760000000000000756e-07 3.599248858205961743e-01 1.218852740249176114e-01
5.780000000000000141e-07 3.260824355336176539e-01 1.240714799105664401e-01
5.800000000000000585e-07 2.562209103174603597e-01 1.282616031364079978e-01
5.819999999999999970e-07 3.978171897670654822e-01 9.750517510322945225e-02
5.840000000000000413e-07 4.216934206619863956e-01 8.701863008384043419e-02
5.860000000000000857e-07 3.328670770245596433e-01 8.681161621153923869e-02
5.880000000000000242e-07 4.945249627651362445e-01 5.489799122085376598e-02
5.900000000000000686e-07 5.012996142764201135e-01 4.190381445458496446e-02
5.920000000000000071e-07 5.652460039347231291e-01 2.132644202758757906e-02
5.940000000000000515e-07 6.831176703971979514e-01 5.750866544004516225e-03
5.959999999999999900e-07 8.242473706247778198e-01 3.570957067024770645e-04
5.980000000000000343e-07 8.939804199487633163e-01 2.263366893988241765e-05
6.000000000000000787e-07 9.216563788416277658e-01 2.536771308109953033e-06
6.020000000000000172e-07 9.362972816454727676e-01 4.182390336323007292e-07
6.040000000000000616e-07 9.455540276467181426e-01 9.028787435187684936e-08
6.060000000000000001e-07 9.520020334136564122e-01 2.384231021819041533e-08
6.080000000000000445e-07 9.567810851033833330e-01 7.381327059886954107e-09
6.100000000000000889e-07 9.604786343274210880e-01 2.603879943996341614e-09
6.120000000000000274e-07 9.630526778661574472e-01 1.044599573704810482e-09
6.140000000000000717e-07 9.651410542633145351e-01 4.592354392362015460e-10
6.160000000000000102e-07 9.668632348872048254e-01 2.188718066240496739e-10
6.180000000000000546e-07 9.683012849851867498e-01 1.121302995484363232e-10
6.199999999999999931e-07 9.695135776778980308e-01 6.132850536246133508e-11
6.220000000000000375e-07 9.705699928516698938e-01 3.574054585068598561e-11
6.240000000000000819e-07 9.714757971845514595e-01 2.199053966610058223e-11
6.260000000000000204e-07 9.722553007151353288e-01 1.423059771060593357e-11
6.280000000000000648e-07 9.729275319572614489e-01 9.654014165239168570e-12
6.300000000000000033e-07 9.735074173527261676e-01 6.846688165829317077e-12
6.320000000000000476e-07 9.743263895469863600e-01 5.076128863851441313e-12
6.340000000000000920e-07 9.750694566715197853e-01 3.914044984692249514e-12
6.360000000000000305e-07 9.757464039011926049e-01 3.133239201623770112e-12
6.380000000000000749e-07 9.763653597847586907e-01 2.599964307691147771e-12
6.400000000000000134e-07 9.769331643056888836e-01 2.233379255986559228e-12
6.420000000000000578e-07 9.770585018642932162e-01 1.982533630935671277e-12
6.439999999999999963e-07 9.771446629639296555e-01 1.815773299040737196e-12
6.460000000000000406e-07 9.771937826468074517e-01 1.714401594957708692e-12
6.480000000000000850e-07 9.772074953228258032e-01 1.667445005390095946e-12
6.500000000000000235e-07 9.771869049130638141e-01 1.669563054772772913e-12
6.520000000000000679e-07 9.773073293487952728e-01 1.724914873256861813e-12
6.540000000000000064e-07 9.773962156924556055e-01 1.834808562291840799e-12
6.560000000000000508e-07 9.774545077100302848e-01 2.008726654174985882e-12
6.579999999999999893e-07 9.774827410750126511e-01 2.262811322436921990e-12
6.600000000000000337e-07 9.774810665519226838e-01 2.622437590951716959e-12
6.620000000000000780e-07 9.774667422413778617e-01 3.078317403084185593e-12
6.640000000000000165e-07 9.774256010590541832e-01 3.705390139630789293e-12
6.660000000000000609e-07 9.773571696704899114e-01 4.573994178690158905e-12
6.679999999999999994e-07 9.772605679368182585e-01 5.791103527507766702e-12
6.700000000000000438e-07 9.771345715228936246e-01 7.521910408835356475e-12
6.720000000000000882e-07 9.769503283454562537e-01 1.010501306721206276e-11
6.740000000000000267e-07 9.767305943992569128e-01 1.395325838536136990e-11
6.760000000000000711e-07 9.764724624006753118e-01 1.981512260151734446e-11
6.780000000000000096e-07 9.761723452494274200e-01 2.896093801783083579e-11
6.800000000000000539e-07 9.758258171385064683e-01 4.360159377036839923e-11
6.819999999999999924e-07 9.754041081786608558e-01 6.806119212785908953e-11
6.840000000000000368e-07 9.749211682793417211e-01 1.097682043637098385e-10
6.860000000000000812e-07 9.743680086787933625e-01 1.831935833692074361e-10
6.880000000000000197e-07 9.737332856475057197e-01 3.169615112121105219e-10
6.900000000000000641e-07 9.730023817357581484e-01 5.698082741406497008e-10
6.920000000000000026e-07 9.722040519201372577e-01 1.035376914508060599e-09
6.940000000000000469e-07 9.712803009045483105e-01 1.958554842184165109e-09
6.960000000000000913e-07 9.702030547834845642e-01 3.870087674556479306e-09
6.980000000000000298e-07 9.689342759676362604e-01 8.021900548979564714e-09
7.000000000000000742e-07 9.674210100682966162e-01 1.753433201263699041e-08
7.020000000000000127e-07 9.655356723705715849e-01 4.111863978790094180e-08
7.040000000000000571e-07 9.631991892158114910e-01 1.034379533492228212e-07
7.059999999999999956e-07 9.602214013285049754e-01 2.825480418000939678e-07
7.080000000000000400e-07 9.562791960019256798e-01 8.523954243437445055e-07
7.100000000000000843e-07 9.507689415574341885e-01 2.911573147801069021e-06
7.120000000000000228e-07 9.423643336812960181e-01 1.170689208694835670e-05
7.140000000000000672e-07 9.277125054629827838e-01 5.924426564703710006e-05
7.160000000000000057e-07 8.945619916097196089e-01 4.286742519163126621e-04
7.180000000000000501e-07 7.748066457470577095e-01 5.434933139693566041e-03
7.200000000000000945e-07 6.613114511258118000e-01 3.260974972690205975e-02
7.220000000000000330e-07 6.799278293853454613e-01 4.947087007909300310e-02
7.240000000000000774e-07 3.916033706065384923e-01 1.274777082970735831e-01
7.260000000000000159e-07 4.489501767340275395e-01 1.504646214127977888e-01
7.280000000000000602e-07 6.160157765451143019e-01 1.210768586613051312e-01
7.299999999999999987e-07 5.512093808647666737e-01 1.536029295318412091e-01
7.320000000000000431e-07 2.915291397346044810e-01 2.647719071468657148e-01
7.340000000000000875e-07 2.010085981369933439e-01 3.282547925952251089e-01
7.360000000000000260e-07 4.318060790450929942e-01 2.515832347128263979e-01
7.380000000000000704e-07 5.355053386807372418e-01 2.154576020221157517e-01
7.400000000000000089e-07 4.919948802275890265e-01 2.434124033632013018e-01
7.420000000000000532e-07 3.275118515025232102e-01 3.329662115989317495e-01
7.440000000000000976e-07 1.298804761510692907e-01 4.477443483461834850e-01
7.460000000000000361e-07 1.617517119195430175e-01 4.486293243452798007e-01
7.480000000000000805e-07 3.409567306583289881e-01 3.646396381877425874e-01
7.500000000000000190e-07 4.501398907834238128e-01 3.117441451688683918e-01
7.520000000000000634e-07 4.602233970288217013e-01 3.116289609484393375e-01
7.540000000000000019e-07 3.738849662720807321e-01 3.675315094510343550e-01
7.560000000000000463e-07 2.091485011872548094e-01 4.731188140158887889e-01
7.580000000000000906e-07 8.113570471683460850e-02 5.616812555893839765e-01
7.600000000000000291e-07 1.412071222886662203e-01 5.364799206060875125e-01
7.620000000000000735e-07 2.848771721890042685e-01 4.549487401520173058e-01
7.640000000000000120e-07 3.836184507843007352e-01 3.978735652104025688e-01
7.660000000000000564e-07 4.104590187299510529e-01 3.849455130853323692e-01
7.680000000000001008e-07 3.691170108324416388e-01 4.161688018284366297e-01
7.700000000000000393e-07 2.662168902644643786e-01 4.892410645867156238e-01
7.720000000000000837e-07 1.327643230978413358e-01 5.851238365077691128e-01
7.740000000000000221e-07 6.259106676399252278e-02 6.406916438535190661e-01
7.760000000000000665e-07 1.199748553070646012e-01 6.092829750009964851e-01
7.780000000000000050e-07 2.366306415983628342e-01 5.347712264146771144e-01
7.800000000000000494e-07 3.274952843895315158e-01 4.758603379288410817e-01
7.820000000000000938e-07 3.645075602786000957e-01 4.533170832068408873e-01
7.840000000000000323e-07 3.494440740401361656e-01 4.674181072846599894e-01
7.860000000000000767e-07 2.858622418592482450e-01 5.167718986486222743e-01
7.880000000000000152e-07 1.860944537285774969e-01 5.934800705688056954e-01
7.900000000000000595e-07 8.882356045825684498e-02 6.699440932662926729e-01
7.919999999999999980e-07 5.569951612122001766e-02 7.002641882255293826e-01
7.940000000000000424e-07 1.106241963222127783e-01 6.651523530200038614e-01
7.960000000000000868e-07 2.048489548262688309e-01 5.994043057307895106e-01
7.980000000000000253e-07 2.839752346128043281e-01 5.435750904261161809e-01
8.000000000000000697e-07 3.249602252670076852e-01 5.156536253538982484e-01
